a = 	[18.321	18.715	20.353	17.123	4.156	3.873				
													
					18.072	19.055	18.736	4.184	4.191	4.297				
													
					17.981	17.243	21.583	17.111	17.874	19.331				
													
					17.749	17.66	18.301	18.732	17.645	16.579				
													
					18.028	17.648	17.434	17.803	17.162	17.376				
													
					18.84	22.074	17.849	19.396	22.798	18.884				
													
					18.143	17.343	17.785	21.164	3.917	4.099				
													
					18.469	18.288	18.016	4.053	3.882	3.993				
													
					17.719	17.974	17.797	4.021	4.382	3.897				
													
					16.73	17.99	16.883	4.197	3.925	4.06				
													
					17.453	3.717	4.16	4.013	3.933	3.78				
													
					4.627	4.162	4.021	4.114	3.785	3.941				
													
					18.168	17.326	17.944	4.01	4.318	4.047				
													
					17.691	16.721	17.335	4.016	4.035	3.984				
													
					17.936	18.236	17.971	3.939	4.135	4.037				
													
					16.344	18.14	16.82	3.701	3.991	4.109				
													
		
					13.607	13.521	13.239	11.828	4.013	4.377				
													
					12.764	12.849	13.035	4.093	4.057	4.403				
													
					13.034	13.266	13.288	12.817	12.847	13.082				
													
					12.793	12.978	12.903	12.029	12.266	12.034				
													
					13.441	13.316	13.462	13.394	12.512	12.078				
													
					14.209	16.508	13.181	12.348	14.885	11.638				
													
					13.645	13.049	12.827	12.449	3.897	3.9				
													
					13.203	13.114	12.978	4.125	3.989	4.102				
													
					12.991	12.216	13.163	3.675	4.122	3.98				
													
					12.656	12.549	12.019	3.88	3.839	3.942				
													
					12.753	3.965	4.175	3.772	3.711	3.722				
													
					4.388	4.324	4.286	3.828	3.936	3.672				
													
					13.891	12.743	12.166	4.324	4.425	4.005				
													
					11.829	11.008	11.632	4.018	3.966	4.091				
													
					12.51	11.785	11.461	4.153	4.054	4.066				
													
					11.589	12.308	11.001	4.207	4.071	4.115				
													
		
					7.949	8.096	8.302	6.796	4.313	3.802				
													
					7.65	8.073	8.011	4.328	4.063	4.365				
													
					9.25	8.809	9.097	7.864	7.532	7.603				
													
					9.312	8.903	8.785	7.558	7.969	7.642				
													
					8.826	9.083	8.417	8.057	7.679	8.033				
													
					10.034	10.821	9.238	8.791	8.348	8.88				
													
					8.997	8.912	8.419	6.75	3.765	3.929				
													
					8.961	8.5	8.274	3.907	3.77	4.046				
													
					8.46	8.029	8.902	3.722	4.252	4.029				
													
					8.222	8.262	8.328	3.651	3.989	4.032				
													
					7.512	3.955	4.053	3.692	3.702	3.984				
													
					4.039	4.224	4.273	3.962	3.504	4.082				
													
					8.512	7.829	8.023	4.094	4.238	4.398				
													
					7.744	7.622	7.87	3.789	4.149	3.897				
													
					8.33	7.705	7.744	3.967	3.941	3.974				
													
					8.18	8.503	7.399	4.002	4.089	3.733				
													
		
					8.32	8.306	8.17	6.324	4.256	4.139				
													
					7.61	8.143	8.47	4.262	4.326	4.325				
													
					9.928	10.071	9.984	6.979	6.826	6.666				
													
					9.5	9.623	9.622	7.256	7.589	7.42				
													
					8.89	9.45	9.063	8.826	9.033	8.785				
													
					10.438	11.133	9.693	12.386	11.458	11.779				
													
					9.455	9.112	9.622	5.682	3.823	4.065				
													
					8.761	9.149	8.541	3.821	3.837	3.866				
													
					7.975	8.067	9.235	4.195	4.261	3.796				
													
					7.798	8.161	8.272	4.394	3.801	4.021				
													
					6.388	3.617	4.337	4.218	4.099	4.25				
													
					4.567	4.467	4.306	4.395	3.97	3.717				
													
					8.58	7.944	7.986	3.806	4.467	4.276				
													
					8.417	8.039	7.903	4.253	4.342	3.685				
													
					8.921	9.162	8.882	4.17	4.058	3.744				
													
					10.008	9.878	9.459	3.8	4.13	4.246				
													
		
					10.607	9.769	9.992	6.143	4.152	4.201				
													
					9.68	9.861	10.449	4.321	3.815	4.452				
													
					13.158	13.369	13.685	7.621	7.39	7.583				
													
					11.915	13.438	12.548	8.326	8.789	8.642				
													
					12.028	12.112	11.048	11.94	11.777	11.555				
													
					13.058	14.463	12.842	18.663	18.101	18.11				
													
					11.986	11.46	11.735	5.7	3.959	4.147				
													
					10.846	10.808	10.412	3.891	3.621	4.046				
													
					10.001	9.302	10.99	3.879	4.38	3.819				
													
					9.149	9.693	10.402	4.473	4.254	4.036				
													
					6.123	3.804	4.258	4.043	4.058	3.598				
													
					4.283	4.395	4.394	3.981	3.781	4.211				
													
					11.008	9.16	10.052	4.018	4.18	4.384				
													
					10.338	9.638	9.702	4.12	4.22	4.166				
													
					11.698	10.904	11.265	4.382	3.838	4.121				
													
					12.798	12.543	12.265	3.825	4.065	4.146				
													
		
					12.513	12.342	13.286	5.957	3.934	4.063				
													
					12.327	12.684	12.145	4.397	4.225	4.567				
													
					17.343	18.995	19.492	8.367	8.59	8.302				
													
					16.369	17.928	16.097	9.815	10.132	10.027				
													
					15.257	15.675	15.001	15.959	16.026	15.493				
													
					17.058	18.616	16.632	29.045	27.707	27.952				
													
					16.222	15.049	15.219	5.429	3.857	4.184				
													
					14.252	14.392	13.885	3.998	3.549	4.29				
													
					12.431	11.833	12.961	4.298	4.832	3.802				
													
					11.374	12.125	12.554	4.24	3.922	3.893				
													
					6.094	3.932	3.979	3.997	3.953	4.048				
													
					4.411	4.234	4.551	4.2	3.858	4.167				
													
					13.174	11.089	12.158	4.123	4.166	4.275				
													
					12.495	12.065	12.359	4.211	4.578	4.26				
													
					14.459	14.189	14.266	4.24	4.276	4.09				
													
					15.715	15.48	14.837	3.99	4.323	4.316				
													
		
					16.07	15.861	17.002	6.071	4.264	4.08				
													
					15.293	15.985	16.003	4.326	4.341	4.315				
													
					23.582	24.911	25.589	10.035	9.913	10.134				
													
					20.429	22.931	22.041	12.352	12.876	13.302				
													
					18.61	19.634	18.852	22.572	21.646	21.832				
													
					22.225	24.183	22.3	44.33	41.089	41.13				
													
					20.894	18.078	18.457	5.895	4.047	4.225				
													
					17.831	17.644	16.928	3.854	3.752	4.043				
													
					15.56	13.874	16.525	4.049	4.587	3.661				
													
					14.268	14.826	15.348	4.134	4.013	3.841				
													
					6.194	4.129	4.326	3.776	4.062	3.777				
													
					4.384	4.351	4.587	3.973	3.959	4.199				
													
					16.163	14.534	15.18	4.326	4.255	4.367				
													
					14.704	15.046	15.329	4.274	4.138	4.392				
													
					18.313	18.699	19.29	3.992	4.153	3.677				
													
					20.133	20.047	19.046	3.872	3.991	4.102				
													
		
					20.316	20.953	21.411	6.65	4.274	4.199				
													
					19.762	20.329	19.199	3.94	4.22	4.551				
													
					32.18	32.626	33.038	11.831	12.155	12.151				
													
					26.439	27.993	27.041	16.18	16.246	16.803				
													
					23.232	24.904	23.899	31.374	28.169	29.727				
													
					27.75	30.95	28.182	65.891	59.106	60.435				
													
					26.188	23.327	23.731	6.108	3.656	3.97				
													
					21.798	23.05	21.549	3.589	3.843	4.165				
													
					19.168	17.26	19.834	4.085	4.664	3.679				
													
					17.818	18.362	19.989	4.044	4.207	3.912				
													
					6.163	4.152	4.337	4.158	4.201	3.888				
													
					4.774	4.112	4.466	4.061	3.938	4.128				
													
					20.843	18.809	19.937	4.188	4.127	4.206				
													
					18.007	18.194	19.136	4.454	4.233	4.38				
													
					23.432	24.018	25.426	4.498	3.951	3.757				
