function [dset, dec6data, dec7data] = Data_Dec6_7_2016_legendredefined
%UNTITLED4 Summary of this function goes here
%   Detailed explanation goes here

metam6 = {{'pos ctrl', 'neg ctrl', 'GM 2nM', 'GM 5nM', 'GM 10nM', 'GM 20nM', 'P1-G 2nM'...
    , 'P1-G 5nM', 'P1-G 10nM', 'MG + neg ctrl', 'P2-G 2nM'...
    , 'P2-G 5nM', 'P2-G 10nM', 'MG + pos ctrl'}, {'Fluorophore', 'MGaptamer'},...
    {'Extracts' 'VS', 'SG', 'JP'}};
metag6 = {{'pos ctrl', 'neg ctrl', 'GM 2nM', 'GM 5nM', 'GM 10nM', 'GM 20nM', 'P1-G 2nM'...
    , 'P1-G 5nM', 'P1-G 10nM', 'MG + neg ctrl', 'P2-G 2nM'...
    , 'P2-G 5nM', 'P2-G 10nM', 'MG + pos ctrl'}, {'Fluorophore', 'GFP'},...
    {'Extracts' 'VS', 'SG', 'JP'}};
metam7 = {{'pos ctrl', 'neg ctrl', 'GM 2nM', 'GM 5nM', 'GM 10nM', 'GM 20nM', 'P1-G 2nM'...
    , 'P1-G 5nM', 'P1-G 10nM', 'MG + neg ctrl', 'P2-G 2nM'...
    , 'P2-G 5nM', 'P2-G 10nM', 'MG + pos ctrl'}, {'Fluorophore', 'MGaptamer'},...
    {'Extracts' 'VS', 'SG', 'JP', 'MP'}};
metag7 = {{'pos ctrl', 'neg ctrl', 'GM 2nM', 'GM 5nM', 'GM 10nM', 'GM 20nM', 'P1-G 2nM'...
    , 'P1-G 5nM', 'P1-G 10nM', 'MG + neg ctrl', 'P2-G 2nM'...
    , 'P2-G 5nM', 'P2-G 10nM', 'MG + pos ctrl'}, {'Fluorophore', 'GFP'},...
    {'Extracts' 'VS', 'SG', 'JP', 'MP'}};
m7 = [0	18	1125	1557	2205	2394	867	961	1300	979	1007	883	1028	914	6	19	1918	2209	2934	2380	3420	2126	2337	2141	2104	2553	2875	2142	16	1	140	101	123	237	39	77	69	60	82	155	79	104	35	9	367	243	353	705	123	139	96	160	136	140	161	169
11	8	838	1404	2368	2732	762	689	802	786	854	850	718	647	0	5	1448	1757	2630	2185	2992	1797	1792	1449	1643	2072	2751	1844	0	0	116	113	251	270	81	71	102	114	153	92	118	78	0	27	182	456	825	1335	169	119	164	199	149	150	204	105
3	23	921	1515	2305	3193	694	618	626	537	639	563	583	667	0	2	1439	1797	2090	2301	2114	1574	1506	1077	1607	1626	2048	1549	7	13	90	133	259	477	59	92	100	66	71	112	76	82	5	9	418	748	1224	1922	165	163	109	118	125	120	96	147
26	17	1016	1560	2491	3358	436	676	606	511	635	453	597	518	23	19	1254	1693	2065	2627	2199	1145	1192	950	1053	1373	1999	1254	19	0	108	236	345	635	31	116	95	79	146	112	44	53	26	4	355	857	1524	2462	80	106	154	224	125	187	134	142
19	16	1148	1700	2690	3647	358	364	486	552	493	432	544	356	9	18	1232	1423	1884	2255	1311	893	1112	809	1107	1000	1447	893	32	0	205	182	272	734	114	101	158	184	32	71	73	107	0	0	347	825	1839	2748	122	168	187	73	96	100	177	177
0	16	959	1934	2780	3677	404	564	531	533	457	416	320	465	2	2	775	1345	2126	2288	1452	869	822	713	672	708	1453	708	6	3	137	160	294	746	116	82	72	93	137	49	98	90	7	34	517	894	1908	2797	122	142	160	125	138	157	169	215
0	6	920	1603	2644	3750	437	396	404	483	367	279	325	250	0	24	770	1159	1754	2052	1058	836	779	629	639	711	1165	806	5	13	108	252	360	911	109	59	126	109	67	69	61	88	15	1	424	891	2001	3296	284	209	142	142	282	169	216	146
6	0	880	1618	2576	3763	400	388	396	383	366	381	398	311	1	0	886	1062	1629	2099	842	605	690	573	594	670	1090	619	0	22	168	327	450	976	123	120	65	140	104	135	117	53	2	22	337	1180	1984	2817	224	151	229	190	183	183	139	161
2	0	861	1616	2585	4076	224	438	464	457	402	479	351	254	0	16	757	1152	1794	2180	1094	610	715	526	664	758	881	836	6	15	252	405	385	1046	144	109	142	95	92	83	92	156	1	11	469	890	1909	2886	201	193	195	140	102	209	142	148
10	10	818	1526	2180	3943	392	458	397	377	378	332	452	226	0	9	776	1289	1907	1874	841	672	555	525	621	623	863	440	14	35	187	388	631	991	159	118	120	55	136	135	225	51	4	2	402	825	2054	2979	143	229	266	208	205	164	165	108
5	2	723	1494	2184	3899	234	350	399	480	338	283	329	270	2	1	742	1055	1749	2285	823	511	497	525	432	664	926	440	5	7	233	332	546	1266	79	129	83	95	121	67	122	98	0	0	456	1071	1873	2682	146	159	160	204	151	159	150	147
8	22	669	1584	2044	3421	319	342	359	314	306	344	289	306	11	18	704	1099	1707	2032	861	466	542	429	460	569	751	494	7	4	158	307	708	1429	112	103	79	44	129	70	126	43	3	9	363	892	2027	2605	172	118	88	237	201	70	176	178
0	25	765	1391	1931	2983	325	320	400	383	331	206	231	193	19	7	792	1178	1365	1960	685	401	617	423	443	590	896	377	21	0	135	324	639	1314	94	60	144	82	80	78	139	104	1	24	439	911	1541	2361	123	148	127	112	152	203	172	134
0	6	550	1039	1674	3311	218	301	336	393	227	283	333	263	25	11	634	1097	1607	1659	593	398	345	484	622	536	596	533	50	3	163	423	679	1830	107	145	180	43	148	118	183	39	16	15	444	998	1338	2367	120	70	88	114	131	166	137	129
13	2	691	972	1651	2708	340	221	272	245	457	255	299	198	0	34	724	907	1307	1399	690	505	564	289	524	501	563	411	0	19	137	471	759	1547	111	100	74	23	52	80	74	34	11	25	280	724	1485	2174	100	141	144	166	172	144	67	161
3	0	591	1213	1294	2821	276	314	217	467	309	196	271	136	14	11	680	1085	1493	1579	612	410	315	379	390	489	604	396	0	9	111	341	772	1527	90	42	178	112	107	97	81	42	2	4	281	668	1612	1813	143	124	147	99	170	100	166	166
9	10	792	1162	1502	2244	277	259	220	414	319	395	292	289	0	0	604	1282	1505	1423	605	348	452	383	445	417	458	358	3	8	192	660	796	1764	146	52	93	154	97	51	43	82	0	4	315	725	1350	1824	101	138	149	139	112	155	102	90
25	8	624	900	1489	2296	342	140	254	260	199	270	240	256	7	10	681	888	1480	1534	623	517	285	370	365	487	609	381	29	21	165	576	1028	1853	103	37	55	89	73	136	123	39	1	0	311	768	1285	1785	154	118	146	173	138	95	47	142
31	21	645	749	1096	2061	268	236	263	248	296	208	388	322	9	15	639	884	1282	1403	395	357	456	222	403	345	650	315	0	12	162	492	867	1987	54	11	125	92	70	118	51	61	1	0	379	721	1302	1782	94	108	192	129	105	91	175	96
4	8	483	927	1280	2113	119	197	269	335	285	278	320	265	11	17	615	1021	1297	1498	577	457	434	309	468	342	534	323	31	25	186	543	1030	2155	61	88	113	59	62	123	101	65	7	7	256	670	1176	1643	108	102	115	94	109	86	144	97
13	16	581	740	1218	1889	380	229	317	355	219	229	267	255	6	20	723	917	1471	1272	585	316	371	236	367	312	485	351	14	6	189	507	1020	1818	59	74	96	83	145	63	65	34	0	0	266	833	1173	1404	117	94	119	213	141	79	122	78
22	0	375	937	1178	1923	196	276	286	382	168	233	241	272	0	24	518	931	1370	1278	572	330	308	367	361	349	573	266	2	15	131	539	1156	2066	48	99	149	123	79	142	135	69	7	0	271	727	1187	1328	175	124	100	74	72	111	35	133
0	0	481	876	1181	1691	236	138	192	422	203	198	293	220	0	0	565	960	1265	1314	509	465	302	205	378	445	510	273	19	0	183	511	1022	1535	52	104	75	20	24	74	71	79	0	6	348	661	964	1444	129	58	150	57	138	127	80	102
0	1	588	832	1128	1890	199	164	238	259	179	198	155	96	12	2	476	793	1362	1334	310	376	305	224	297	306	501	298	2	4	158	440	1043	1976	34	108	89	68	35	94	84	74	15	11	384	529	1094	1741	75	83	34	85	150	114	133	79
3	4	689	867	1148	1565	220	225	317	261	183	179	183	236	11	6	544	944	1171	1273	460	316	397	225	160	290	409	298	14	0	177	581	1122	1925	80	85	65	35	60	68	129	60	1	4	259	571	1113	1456	91	155	166	201	125	84	118	77
3	0	496	720	1037	1792	313	202	202	329	196	206	216	229	0	30	505	837	1196	1363	398	336	298	253	370	434	560	204	15	11	262	548	1061	1784	42	50	135	53	42	89	47	48	2	3	268	532	1121	1430	80	187	91	68	161	73	141	82
6	22	500	777	1022	1682	272	295	275	237	177	203	197	137	18	3	642	878	1158	1200	477	303	279	188	323	318	369	203	20	4	221	573	1184	1892	116	79	85	32	60	51	120	12	7	0	336	507	951	1513	135	123	124	74	67	153	130	76
0	2	503	697	1008	1599	200	170	241	177	212	134	237	120	5	24	568	837	1247	1330	308	245	341	233	279	280	537	243	0	16	173	782	1128	1849	60	19	67	17	78	69	56	33	15	2	234	442	1251	1257	55	214	123	57	80	55	76	127
21	10	442	839	847	1689	237	153	294	264	170	159	278	118	9	12	501	926	1203	1172	353	293	349	230	285	287	481	234	0	0	288	614	1312	1930	62	91	123	60	82	48	86	70	10	21	304	667	1072	1224	138	151	126	89	144	191	107	123
17	0	495	653	1040	1408	193	139	289	327	171	244	138	142	0	0	558	769	1013	1106	392	309	257	320	356	290	288	298	10	0	251	589	1185	2028	45	59	36	71	38	81	54	58	19	3	209	643	1001	1470	48	100	98	141	183	88	105	115
1	5	572	636	1108	1540	171	98	234	252	165	175	199	90	27	0	475	927	1133	1388	459	217	208	317	258	249	510	263	17	2	156	657	933	1928	36	40	94	87	35	50	36	80	13	14	208	352	992	1308	148	127	133	79	130	61	87	69
