function [d, varargout] = data_2017_03_20
%UNTITLED2 Summary of this function goes here
%   Detailed explanation goes here
GFP = [0	17	21	18	16	12	11	22	26	22	0	16	0	34	17	27	21	32	10	16	3	16	16	0	12	27	4	3	21	17	19	25	27	21	9	25	7	0	11	36	0	9	14	13	7	0	2	3	8	4	21	7	13	0	10	14	6	0	5	1	11	21	0	9	1	11	1	15	3	27	12	12	20	8	17	19	8	13	13	18	18	5	13	27	22	35	14	22	19	42	19	36	39	26	32	27	37	22	19	19	15	35	17	27	0	22	36	42	30	27	12	14	18	36	29	19	24	17	23	31	16	28	25	19	26	31
22	9	33	18	4	13	19	5	12	30	18	15	11	18	40	7	0	21	14	15	0	3	14	8	13	10	2	9	29	14	27	18	13	20	13	21	9	4	9	20	17	24	10	8	6	18	2	34	48	39	54	65	89	16	6	26	11	15	20	34	6	19	8	0	0	14	22	6	32	21	10	22	8	20	27	15	3	6	9	11	12	25	0	22	22	18	4	18	29	15	26	27	38	28	22	31	25	41	43	39	29	24	33	26	10	29	31	33	18	20	28	32	45	20	27	38	27	20	25	14	45	39	13	27	37	35
97	0	19	19	41	43	50	52	73	65	49	14	17	37	79	110	24	30	17	14	4	36	28	31	27	20	34	18	34	31	32	15	28	35	17	28	38	27	32	33	35	54	53	20	29	53	151	294	481	554	658	709	902	18	22	26	45	78	20	34	37	30	0	39	22	20	31	27	27	30	42	35	11	28	28	21	26	23	47	30	42	30	28	36	53	19	0	24	20	41	26	45	43	65	50	26	33	53	103	124	47	51	58	42	10	31	32	11	61	70	43	61	84	33	57	52	46	46	65	40	64	68	58	55	72	87
233	18	21	65	97	175	171	196	176	178	185	39	45	85	178	300	81	82	62	75	19	72	44	42	78	77	76	66	61	57	46	59	88	46	68	63	84	74	80	70	77	99	108	17	104	173	448	970	1337	1559	1754	1776	2296	21	27	57	107	144	41	70	43	42	1	13	29	22	52	53	46	48	70	60	71	43	51	42	37	43	62	41	75	47	65	55	120	18	16	27	42	79	117	153	202	310	302	40	71	134	265	418	129	153	109	105	0	66	51	45	112	130	130	115	156	132	132	127	151	90	108	115	153	122	151	97	149	205
386	0	39	98	255	399	345	344	331	336	339	46	59	144	298	612	130	114	102	74	5	99	63	25	124	124	138	151	118	153	136	102	116	82	93	106	124	155	129	149	144	185	162	7	152	331	832	1830	2262	2599	2733	2863	3676	23	71	87	176	288	68	76	48	57	3	35	43	22	86	83	81	64	83	91	158	79	80	37	52	59	92	100	97	89	102	131	189	7	31	48	109	215	330	534	631	827	790	70	122	246	490	748	212	158	133	98	0	90	49	54	242	234	211	216	266	243	236	216	242	90	149	156	243	221	249	202	273	353
581	13	100	204	564	668	574	554	533	484	513	44	98	209	435	866	167	128	131	91	12	95	60	67	190	185	218	181	158	221	172	157	174	78	118	90	170	176	184	190	222	238	230	25	209	526	1265	2700	3155	3409	3717	3846	4913	17	52	113	249	445	91	72	47	63	8	50	38	27	128	134	114	121	115	126	285	127	105	41	59	74	116	108	124	114	158	154	262	23	21	72	161	356	622	888	973	1234	1114	97	157	382	754	1107	293	217	146	139	4	88	50	45	325	332	316	324	405	360	342	323	359	111	162	172	288	277	338	311	388	515
764	33	172	321	923	917	789	714	683	649	696	73	126	287	614	1136	203	157	116	103	15	111	60	76	224	241	264	205	205	286	239	198	224	90	114	144	191	185	237	240	274	317	296	11	292	710	1732	3506	3995	4307	4518	4763	6170	29	64	163	330	588	86	89	78	82	3	35	46	32	152	175	167	148	152	164	397	181	144	45	85	79	133	122	160	160	216	204	344	24	58	109	305	538	774	1016	1135	1388	1251	122	238	489	991	1486	371	194	172	125	12	98	49	31	414	450	424	445	536	476	454	394	465	115	150	179	331	282	377	333	513	679
956	15	269	492	1283	1207	977	930	868	865	885	71	140	356	750	1401	232	182	152	126	1	104	67	56	274	289	337	316	270	364	277	250	274	90	127	155	197	204	267	296	333	378	382	10	387	915	2208	4496	4875	5107	5307	5772	7199	45	83	215	423	720	129	101	68	67	11	57	23	30	189	182	191	174	209	231	506	196	203	72	73	96	122	145	213	176	255	258	428	21	104	171	419	627	857	1122	1232	1484	1313	140	301	620	1201	1812	400	225	170	148	0	107	52	61	498	545	527	538	664	613	561	508	568	112	188	172	332	290	420	414	614	792
1116	4	324	665	1679	1432	1206	1128	1055	1064	1084	97	160	429	868	1599	256	176	151	137	2	116	75	82	284	360	413	352	310	392	319	307	314	119	101	153	199	220	274	307	378	437	468	17	479	1198	2721	5482	5549	5972	6249	6680	8148	31	91	258	526	862	134	97	84	61	11	56	44	27	220	226	226	215	239	240	606	209	230	62	72	91	139	145	205	229	308	292	510	8	122	242	517	694	906	1189	1276	1525	1393	198	346	736	1417	2098	437	228	173	150	3	103	41	54	524	642	605	648	771	703	660	580	673	122	169	204	339	304	437	458	688	939
1317	18	418	823	2098	1709	1433	1285	1317	1285	1330	95	174	465	981	1828	264	179	162	121	4	120	66	78	300	355	475	398	369	468	366	339	344	115	133	159	215	223	282	338	442	502	541	22	581	1421	3237	6308	6615	6731	6984	7558	9345	73	109	278	619	1009	141	97	88	88	8	44	37	27	233	240	271	265	268	295	699	260	255	62	69	97	140	145	243	240	320	300	574	4	149	308	651	774	979	1273	1352	1621	1466	209	392	838	1627	2424	480	235	186	162	8	112	46	62	567	717	701	774	892	804	776	639	747	137	190	194	350	310	441	488	782	1043
1476	11	522	1033	2510	1954	1667	1586	1540	1583	1571	116	200	533	1092	2042	267	182	149	140	0	114	87	67	298	367	513	441	405	530	399	382	384	114	135	171	222	234	296	366	454	533	646	11	709	1681	3790	7195	7358	7586	7777	8325	10251	60	141	320	657	1157	155	95	82	68	4	53	44	34	253	263	291	299	315	313	800	303	295	50	71	105	157	166	237	258	356	402	624	22	190	371	759	848	1023	1340	1428	1724	1579	223	427	937	1817	2634	463	206	197	165	5	117	50	53	596	816	793	851	982	889	814	722	840	128	180	216	346	335	447	489	829	1153
1687	19	617	1202	2970	2236	1903	1807	1831	1768	1847	119	200	566	1194	2219	284	186	167	131	4	126	93	72	320	407	546	478	436	554	453	426	403	111	129	169	238	239	287	370	450	552	739	23	801	1952	4251	8144	7986	8300	8567	9254	11085	65	135	357	762	1240	162	102	81	69	10	43	43	34	257	288	317	331	347	330	872	330	310	50	75	101	137	150	251	273	396	424	712	19	228	453	932	928	1124	1445	1581	1831	1667	244	438	987	1920	2787	479	250	207	172	7	106	70	70	619	858	873	921	1071	972	908	772	859	130	221	216	372	332	468	517	841	1219
1871	36	716	1404	3367	2515	2172	2024	2072	2063	2083	121	247	595	1262	2349	289	212	179	145	19	146	92	64	354	417	571	502	476	601	482	460	441	116	146	197	231	239	312	376	490	567	790	15	903	2135	4793	8927	8694	9052	9227	9849	11929	72	147	389	823	1351	167	115	97	65	16	54	55	52	254	277	360	357	364	366	969	361	340	40	60	101	141	166	239	276	407	443	764	24	287	534	1034	985	1194	1542	1667	1927	1784	241	498	1055	2015	3018	503	241	199	166	0	128	70	66	606	897	917	994	1124	1038	943	833	961	120	195	190	371	324	478	528	867	1272
1999	30	825	1599	3712	2777	2464	2295	2330	2332	2343	143	258	638	1310	2478	316	196	163	142	0	140	84	76	348	436	588	547	497	624	474	460	469	123	141	173	231	218	296	377	487	594	916	15	1021	2402	5302	9562	9220	9713	10085	10645	12537	72	162	424	876	1442	157	107	90	81	3	56	42	49	268	297	389	367	388	399	1048	388	370	57	72	104	159	168	249	278	428	446	840	15	321	597	1168	1085	1289	1687	1778	2041	1898	264	527	1129	2188	3131	506	249	222	162	0	131	84	74	634	919	992	1028	1197	1075	1001	863	1001	154	201	236	360	337	471	522	886	1340
2185	25	946	1777	4098	3018	2699	2541	2579	2567	2600	145	282	647	1338	2569	278	211	177	151	18	135	92	69	346	428	598	554	520	679	503	485	505	124	137	184	234	250	306	358	487	616	980	7	1101	2603	5597	10452	9833	10363	10617	11376	13373	75	170	443	934	1557	162	118	80	87	6	39	63	41	259	315	408	413	430	423	1112	399	373	56	72	118	159	152	234	289	435	497	882	18	353	672	1280	1207	1422	1799	1916	2205	2030	286	527	1151	2236	3235	491	251	215	185	12	135	90	80	656	940	1037	1051	1230	1137	1061	919	1036	153	188	232	380	341	495	530	903	1374
2408	27	1006	1943	4539	3249	2970	2763	2851	2864	2851	122	272	685	1433	2705	291	208	171	140	7	143	92	81	346	400	619	564	543	669	547	484	492	115	149	177	268	246	315	374	508	613	1080	12	1147	2790	6124	11001	10496	11030	11309	11692	13770	91	181	458	986	1591	162	119	92	93	21	57	42	41	269	296	414	416	450	444	1175	434	403	65	92	92	169	176	258	283	425	478	968	23	408	753	1421	1269	1474	1886	2045	2362	2124	277	569	1176	2281	3416	519	239	208	191	0	130	70	70	637	958	1054	1083	1319	1167	1077	963	1107	147	200	232	384	337	484	546	909	1430
