%% RNA degradation, data in folder
% /Users/vipulsinghal/Dropbox/Documents/vipul_repo/MCMC/Code_MCMC/examples/RNAdeg_data_DSG_ACS
% dx.doi.org/10.1021/sb400203p |
rna37_5 = [0.120	24.699
4.266	19.345
9.034	12.005
13.793	8.336
18.758	6.501
22.922	6.501
28.473	6.501
36.129	4.666
45.198	2.831
56.956	2.831
68.094	0.996
75.680	1.075
86.241	1.075
95.336	1.075
105.948	0.996
115.051	0.996];

rna75 = [0.499	53.369
2.784	36.855
6.310	40.525
7.137	35.020
11.698	29.437
14.603	23.932
20.189	18.427
26.818	16.593
36.974	11.088
46.077	11.088
55.801	7.418
65.112	5.583
74.663	7.418
85.215	7.418
95.775	7.418
112.232	4.057
115.551	4.128];


rna150 = [-0.190	112.464
1.957	97.785
6.922	85.249
9.819	67.202
16.456	56.121
23.103	43.198
30.172	32.189
34.301	36.088
39.267	21.567
46.680	17.897
51.664	14.299
56.603	12.464
64.499	10.629
72.172	10.708
79.008	8.873
88.551	5.204
94.784	5.204
104.120	7.038
114.465	7.038];

rna200 = [-8.082e-4	179.974
0.836	167.130
1.663	162.844
6.224	127.982
9.353	113.152
10.595	100.229
13.284	92.890
16.388	80.046
21.784	58.028
22.999	69.116
25.698	50.846
27.939	58.185
31.896	50.846
34.724	49.011
38.620	36.167
44.172	28.827
56.766	25.459
60.069	21.789
68.103	18.119
71.827	12.615
77.172	8.945
80.482	10.780
85.414	10.780
89.353	10.780
99.508	10.780
103.026	7.110
106.767	7.110
111.137	7.110
115.525	7.110];

rna600 = [0.017	523.552
1.085	498.094
1.948	466.514
3.017	443.277
5.086	388.231
6.982	357.648
8.637	322.706
11.120	302.523
12.775	274.928
13.603	267.589
15.879	234.633
17.947	216.213
20.016	203.369
21.879	188.690
27.051	161.776
29.741	141.514
31.818	128.670
37.000	108.486
39.060	99.312
40.732	91.972
41.991	86.468
46.155	71.560
49.896	64.149
53.620	53.139
56.939	49.391
58.810	45.800
61.879	38.460
66.405	29.286
69.732	27.523
73.887	23.853
77.818	18.349
83.784	14.679
89.749	14.679
98.241	12.772
104.042	10.859
114.612	9.024];

rna700 = [-0.371	702.602
0.870	689.607
1.465	640.905
4.991	527.064
5.818	501.376
7.896	474.011
9.758	433.873
11.008	402.602
12.043	388.002
14.749	347.477
17.646	303.440
23.016	246.560
24.069	235.550
24.904	226.376
27.387	206.193
28.827	184.174
32.146	167.360
35.637	148.932
37.051	150.767
37.879	147.097
39.723	136.088
41.801	123.244
43.051	115.826
48.853	90.138
51.965	75.459
56.947	66.284
60.896	57.038
65.655	42.360
69.620	36.855
76.861	27.681
83.077	24.011
90.112	16.671
96.318	14.837
101.914	13.073
106.982	11.239
114.853	9.404];

rna800 = [-0.164	803.827
-0.578	772.635
1.491	726.763
3.146	673.552
3.767	642.360
5.629	590.983
6.870	559.791
8.732	519.424
9.560	491.901
11.629	455.204
14.732	394.653
17.008	363.460
18.043	348.782
19.905	315.754
23.836	268.048
25.077	251.534
29.629	211.167
32.526	187.385
39.767	148.853
45.974	115.754
51.154	97.327
54.879	80.813
56.956	88.152
61.508	58.794
67.094	62.464
69.991	44.116
78.232	35.249
85.680	26.075
92.301	22.405
99.542	18.736
111.542	15.367
115.068	11.697];

rna900 = [0.043	825.846
0.870	785.479
1.905	746.947
3.353	699.240
3.974	673.552
6.664	603.827
9.146	546.947
12.043	486.396
14.319	438.690
16.181	416.671
18.870	370.800
24.043	301.075
25.284	280.892
27.353	257.038
29.836	233.185
32.939	213.002
35.629	189.149
37.077	178.139
39.146	176.304
40.801	163.460
44.939	137.772
45.974	137.772
47.008	126.763
49.905	117.589
51.146	108.415
51.560	102.910
54.043	108.415
57.974	86.396
60.250	86.396
60.870	80.892
62.112	73.552
63.353	73.552
63.974	64.378
66.043	64.378
69.146	64.378
71.008	57.038
75.146	44.194
80.319	42.360
84.043	33.185
89.422	29.515
95.629	24.011
102.250	20.341
112.595	16.671
115.077	16.671];

rna1000 = [0.207	998.165
1.043	938.073
1.655	889.908
3.931	824.391
4.966	767.510
5.793	727.064
6.836	699.541
7.870	675.996
10.129	623.552
11.991	579.516
13.026	564.758
13.784	527.760
15.853	493.356
17.947	477.294
20.637	424.083
21.474	381.881
24.189	379.974
24.396	348.473
29.775	284.253
33.086	265.833
33.706	249.319
35.775	229.057
39.293	217.739
41.568	204.666
44.051	179.286
45.638	168.277
48.258	151.455
49.922	151.455
50.749	145.950
52.198	133.415
53.232	131.580
53.629	127.910
56.112	116.901
57.982	105.892
59.223	104.057
61.146	105.892
61.776	98.552
62.982	91.822
66.258	85.099
67.051	80.512
68.086	75.007
70.835	80.125
73.698	67.589
75.767	63.840
76.801	60.171
77.836	56.429
81.361	50.925
84.879	47.255
87.568	39.915
93.154	36.016
97.499	32.268
101.430	28.598
107.810	25.237
114.664	21.567];

rnadeg = {rna37_5, rna75, rna150, rna200, rna600, rna700, rna800, rna900, rna1000};

%% mg aptamer, varuong DNA conc. 
% dx.doi.org/10.1021/sb400203p |
% /Users/vipulsinghal/Dropbox/Documents/vipul_repo/MCMC/Code_MCMC/examples/mG_apt_with_TL
mgp5 = [12.393	1.980
68.037	18.293
117.925	34.610
179.483	42.749
250.162	42.749
341.941	47.271
414.539	38.228
527.746	29.184
688.997	12.002
787.738	14.715];

mg2 = [2.874	2.354
12.468	12.154
20.226	23.080
27.901	32.162
39.413	46.632
47.088	59.141
56.682	68.184
62.438	80.883
77.789	94.449
95.057	112.610
120.001	128.888
160.295	135.218
204.509	127.079
241.048	114.344
319.875	100.701
365.925	89.849
419.733	72.667
503.836	56.389
572.589	49.154
624.396	36.493
716.579	31.067
789.492	24.737];
mg5=[2.635	0.772
6.472	9.063
8.391	17.237
13.825	20.855
15.744	30.654
19.581	44.254
25.420	52.545
27.339	62.532
29.257	69.766
33.095	84.310
36.932	90.640
40.770	97.010
42.689	108.840
44.607	115.927
52.365	124.066
56.202	135.822
62.041	153.040
67.798	170.865
75.473	183.526
79.310	193.512
90.823	207.077
106.173	222.487
131.192	234.243
159.658	224.295
171.171	215.252
184.602	199.843
199.952	185.335
207.627	172.674
217.221	162.687
238.327	139.136
257.515	122.822
270.946	108.314
297.809	92.940
315.078	80.431
356.968	65.058
399.264	50.737
452.667	36.419
500.313	28.280
586.343	19.237
634.312	13.811
697.631	12.002
768.625	7.480
797.407	5.672];
mg20 = [0.551	0.846
6.307	48.854
12.063	75.079
17.820	108.575
23.576	152.966
27.414	190.079
31.251	216.156
35.089	230.587
42.764	266.834
46.601	285.864
54.276	300.334
60.033	322.981
65.789	332.929
67.625	344.724
73.381	352.863
79.138	364.694
84.894	371.967
102.088	383.046
119.117	388.320
142.142	377.467
151.811	368.385
167.161	351.355
189.234	329.198
196.909	311.112
206.181	304.781
211.937	293.025
219.612	286.846
227.287	271.395
238.800	253.269
248.393	246.187
252.231	239.856
261.825	227.195
273.337	209.070
284.850	192.944
302.441	181.187
315.872	160.501
335.135	143.279
354.405	125.118
377.108	106.954
403.971	89.736
444.265	71.649
473.046	56.276
509.585	39.959
557.876	34.533
621.278	22.737
688.509	18.216
755.666	15.503
799.400	14.750];

mg = {mgp5, mg2, mg5, mg20};
%% deGFP data, from ACS paper. Fig 1c. doi: dx.doi.org/10.1021/sb400203p
% stored in /Users/vipulsinghal/Dropbox/Documents/vipul_repo/MCMC/Code_MCMC/examples/deGFP_ACS_DSG
gfpp2 = [0.415	-38.143
56.783	38.143
116.248	111.152
183.003	263.726
230.017	340.013
289.375	416.300
346.158	492.587
427.630	492.587
489.659	492.587
556.414	492.587
645.090	492.587
753.825	514.937
798.264	511.659];

gfpp5=[-1.331	-47.679
40.639	28.608
87.239	177.904
153.897	419.578
215.715	724.726
267.560	1029.874
323.939	1335.022
373.315	1335.022
449.849	1335.022
546.134	1487.596
610.420	1411.309
672.247	1411.309
726.147	1487.596
782.930	1487.596
795.380	1487.596];

gfp1=[-0.106	-12.814
41.961	66.751
93.912	600.760
145.758	1058.482
202.647	1668.777
274.340	2434.627
336.167	3010.058
370.933	3197.497
430.494	3270.804
489.852	3270.804
541.698	3194.517
578.730	3270.804
640.557	3197.497
694.968	3273.784
785.804	3273.784];

gfp2=[2.257	-38.143
21.699	-38.143
58.944	422.558
88.772	1036.132
130.434	1875.289
187.323	3315.205
256.036	4767.936
322.897	5988.527
387.193	6446.249
473.805	6598.822
587.169	6598.822
690.860	6598.822
769.969	6598.822
794.860	6598.822];

gfp5=[2.874	28.608
17.687	-47.679
40.013	410.042
86.814	2244.208
114.078	3776.205
138.766	5152.649
170.446	6576.473
200.178	7806.600
249.555	9561.201
296.569	10785.070
336.071	11779.779
410.136	13229.233
511.358	14224.242
580.071	14376.815
671.418	14529.389
698.575	14300.528
784.984	14459.360];

