function dt = rawtierra

% tierra data
ec5data = [217	221	211	127	129	129	125	125	127	123	121	123	126	127	132	134	128	127	130	130	123	127	128	125	131	128	129	130	135	133	133	139	139	145	142	129	166	142	159
219	220	211	130	130	132	128	129	130	128	125	127	127	132	134	134	129	127	132	131	122	128	129	126	144	144	146	132	136	137	139	150	146	164	164	138	224	167	203
223	227	216	137	136	140	137	135	137	136	133	132	134	139	142	134	128	129	133	132	125	141	134	131	178	180	187	132	141	143	151	169	157	212	218	158	340	221	290
237	236	224	144	146	152	151	145	148	146	146	142	142	151	152	136	131	129	133	133	124	146	140	137	229	243	255	134	147	153	165	196	172	292	299	190	541	312	432
257	252	233	157	156	167	169	160	163	159	163	154	152	165	166	137	131	130	136	135	128	154	148	144	306	327	353	138	153	162	188	230	191	417	417	232	854	450	643
281	267	244	170	170	188	189	174	180	174	180	167	164	182	181	138	132	131	136	137	128	163	157	153	401	433	468	141	162	176	214	268	209	581	569	277	1286	634	919
310	287	261	188	189	209	217	195	199	193	201	185	178	199	198	140	135	132	140	140	131	172	166	165	517	556	601	146	172	189	244	316	236	796	758	333	1857	881	1284
345	311	279	208	208	233	244	214	220	213	227	202	197	220	219	143	136	133	144	142	135	188	182	180	654	700	749	150	182	205	281	366	266	1067	996	394	2588	1201	1737
377	333	296	232	229	257	277	238	244	235	250	223	215	241	242	144	136	135	149	146	139	202	196	195	807	856	914	154	192	220	321	423	299	1384	1282	456	3466	1593	2282
416	359	316	256	254	282	309	262	269	259	279	247	236	264	265	145	139	137	152	150	142	217	212	210	974	1023	1088	159	203	234	366	484	334	1746	1610	524	4490	2048	2917
449	383	340	281	276	309	340	286	295	283	303	270	256	289	291	148	140	139	155	153	145	234	231	228	1148	1198	1266	163	213	249	414	551	378	2151	1977	594	5651	2574	3636
489	411	363	308	303	339	375	312	324	312	334	296	283	317	318	150	141	141	160	157	149	251	247	246	1325	1373	1451	168	226	265	467	618	423	2594	2389	662	6938	3169	4429
520	441	387	332	328	364	407	338	347	337	360	319	303	341	345	150	141	141	162	159	148	269	265	262	1507	1551	1636	170	237	280	523	690	473	3070	2839	732	8322	3816	5305
552	464	415	362	356	396	441	367	380	368	387	347	328	366	373	153	142	144	166	163	154	288	287	283	1694	1733	1822	175	248	294	583	772	530	3598	3324	805	9814	4527	6230
589	498	438	390	384	425	472	394	407	395	415	375	355	394	403	153	144	145	171	167	158	307	306	301	1875	1910	2009	179	261	311	649	851	590	4149	3838	879	11365	5271	7213
616	527	463	419	412	453	505	421	437	422	442	400	381	420	433	154	143	145	174	169	159	325	324	319	2061	2086	2188	182	271	322	715	934	653	4731	4384	952	12985	6063	8250
647	554	492	448	441	485	538	451	467	454	476	431	408	449	464	157	145	147	178	173	164	348	346	341	2249	2268	2367	188	285	340	791	1026	727	5345	4955	1028	14654	6895	9311
680	584	517	481	470	513	572	481	498	486	503	458	436	479	492	158	147	148	183	178	166	369	368	361	2427	2442	2556	190	298	354	867	1123	806	5989	5554	1107	16355	7749	10415
710	616	545	511	500	546	605	510	531	517	537	491	463	506	525	160	147	149	188	182	171	390	392	383	2615	2620	2731	196	313	369	949	1220	883	6639	6163	1191	18089	8626	11531
741	646	574	545	532	580	641	542	561	553	564	520	491	539	558	162	147	151	192	185	173	416	413	407	2792	2795	2912	200	328	384	1037	1325	972	7336	6790	1272	19828	9528	12676
774	679	603	580	564	615	675	576	596	589	601	554	523	572	592	162	147	150	195	190	175	437	438	430	2973	2960	3090	205	345	403	1127	1436	1066	8035	7459	1362	21613	10450	13820
811	714	636	613	600	648	712	610	631	623	635	589	554	604	626	164	149	153	201	196	183	464	464	454	3158	3144	3266	212	363	423	1224	1551	1165	8742	8111	1454	23358	11366	14989
839	748	670	651	637	684	747	648	669	660	667	626	588	639	663	166	150	156	208	199	186	489	492	481	3335	3318	3447	217	381	440	1329	1671	1275	9463	8777	1550	25102	12307	16157
875	787	702	689	672	725	787	685	707	698	706	663	622	673	699	168	152	157	212	207	190	518	518	507	3523	3491	3616	225	405	461	1443	1799	1388	10194	9462	1650	26849	13243	17317
910	825	736	728	710	764	829	720	746	737	745	699	657	711	738	171	151	158	218	210	193	546	550	538	3706	3665	3802	231	425	484	1558	1933	1500	10936	10151	1753	28568	14193	18475
951	865	773	774	751	803	869	763	788	783	784	741	694	750	781	174	153	161	225	217	199	577	583	568	3896	3852	3981	241	453	511	1676	2072	1629	11668	10833	1870	30284	15126	19650
986	904	809	814	790	844	914	800	826	824	822	782	731	788	821	174	153	162	229	223	205	607	610	597	4081	4026	4166	249	482	535	1806	2218	1757	12428	11530	1988	31988	16081	20809
1029	948	849	862	836	889	961	842	871	872	865	829	771	829	868	177	155	164	238	230	210	641	643	631	4273	4207	4346	260	513	568	1933	2379	1896	13182	12229	2110	33671	16998	21920
1069	994	890	903	881	933	1007	889	914	921	911	872	813	871	908	179	155	166	248	235	214	676	679	666	4465	4392	4541	271	547	599	2074	2538	2038	13943	12924	2235	35310	17931	23082
1113	1036	929	951	923	981	1052	935	962	965	952	916	854	912	960	180	155	166	254	243	221	709	716	701	4660	4573	4717	284	581	634	2215	2705	2187	14700	13634	2377	36927	18867	24220
1158	1087	975	1004	972	1030	1103	979	1014	1012	1003	965	899	960	1009	185	157	172	263	252	229	749	753	739	4858	4762	4917	301	623	673	2372	2879	2346	15461	14332	2516	38517	19792	25309
1207	1137	1018	1055	1020	1078	1156	1033	1062	1067	1054	1014	944	1002	1057	188	159	176	274	261	236	789	794	778	5064	4964	5111	317	666	716	2522	3052	2503	16221	15049	2663	40141	20711	26423
1252	1185	1063	1108	1077	1134	1209	1084	1115	1120	1097	1070	993	1056	1110	191	160	178	283	270	245	826	836	818	5269	5163	5317	338	716	759	2688	3244	2675	16989	15747	2823	41690	21602	27555
1306	1235	1110	1161	1126	1183	1265	1133	1163	1175	1148	1119	1038	1103	1164	193	160	179	292	278	250	871	876	857	5479	5354	5514	355	764	808	2857	3427	2847	17732	16459	2987	43244	22547	28648
1359	1288	1163	1217	1180	1241	1321	1182	1217	1233	1203	1172	1086	1149	1218	197	162	182	304	288	260	912	918	901	5694	5566	5713	380	819	857	3030	3629	3029	18500	17168	3159	44773	23411	29714
1411	1345	1207	1272	1235	1294	1379	1243	1274	1286	1252	1225	1135	1202	1272	201	163	184	315	298	269	955	961	944	5896	5765	5921	402	877	913	3209	3831	3217	19264	17857	3337	46283	24307	30782
1464	1400	1257	1337	1291	1352	1439	1302	1332	1347	1317	1283	1186	1256	1330	205	165	190	328	313	279	1001	1007	992	6133	5979	6138	431	942	970	3393	4037	3401	20027	18582	3517	47737	25197	31843
1520	1461	1309	1397	1354	1417	1498	1360	1389	1406	1372	1345	1237	1307	1391	210	165	193	343	323	289	1046	1053	1036	6352	6183	6359	461	1006	1039	3589	4251	3599	20778	19295	3712	49185	26089	32885
1582	1517	1361	1459	1411	1478	1562	1418	1450	1469	1428	1403	1292	1361	1448	214	167	197	354	337	300	1094	1100	1086	6576	6398	6566	494	1079	1103	3789	4466	3798	21555	19983	3910	50643	26932	33916
1639	1576	1416	1521	1471	1535	1627	1477	1508	1527	1488	1461	1344	1414	1511	217	168	201	369	351	312	1145	1148	1133	6803	6618	6784	530	1155	1174	3990	4697	4009	22313	20687	4109	52033	27823	34979
1704	1638	1473	1589	1528	1600	1693	1540	1568	1592	1547	1524	1398	1470	1574	225	170	207	383	363	323	1194	1199	1183	7026	6843	7010	569	1234	1251	4199	4924	4212	23054	21376	4324	53342	28675	36006
1763	1698	1524	1647	1592	1659	1759	1597	1634	1658	1602	1583	1448	1526	1632	229	171	207	399	377	336	1242	1246	1234	7254	7050	7224	610	1318	1332	4408	5154	4427	23785	22069	4538	54678	29529	36991
1826	1764	1582	1717	1659	1726	1824	1662	1699	1722	1668	1651	1503	1580	1703	235	174	214	416	394	349	1296	1299	1286	7495	7276	7441	654	1405	1416	4624	5397	4651	24519	22754	4749	55901	30349	37974
1891	1828	1638	1784	1727	1798	1893	1729	1762	1785	1736	1713	1558	1636	1761	240	174	220	432	408	361	1352	1350	1338	7715	7498	7681	697	1498	1503	4850	5627	4872	25265	23449	4973	57158	31196	38959
1958	1893	1697	1858	1789	1863	1965	1799	1827	1852	1794	1776	1615	1694	1828	247	177	225	449	424	376	1400	1398	1390	7950	7720	7901	748	1596	1595	5074	5880	5097	25989	24121	5198	58386	32009	39918
