function dt = rawtierra2

ec4data = [33	33	32	17	16	16	16	16	16	15	15	15	16	15	16	15	16	16	16	16	16	16	17	18	19	18	18	17	19	18	23	19	17	17	17	20	23	19	26	16	17	17	17	17	16	17	17	18	19	17	18	18	18	18	18	18	18	16	17	17
37	38	37	22	21	21	21	21	20	20	19	20	21	19	20	18	18	19	20	19	19	20	20	20	27	26	24	21	25	22	31	23	21	20	21	29	34	25	44	20	21	21	22	20	20	20	20	21	23	21	22	22	21	22	22	22	22	20	20	20
42	43	41	27	26	27	25	26	26	24	23	24	25	23	23	19	19	19	22	20	21	23	24	24	44	41	37	24	31	25	42	28	24	21	24	41	52	32	74	23	24	23	25	23	23	24	23	25	29	26	27	27	25	27	28	27	27	25	26	25
50	52	51	38	37	38	34	36	35	30	28	30	30	28	27	20	21	22	25	23	23	29	31	31	75	69	60	28	42	30	61	34	29	24	29	60	80	45	124	25	27	28	30	27	28	31	29	31	39	35	37	38	34	36	40	36	37	35	37	35
64	66	65	55	52	54	49	52	51	37	34	40	36	33	32	23	23	23	31	27	27	41	44	42	124	113	98	35	56	37	86	45	37	29	37	87	124	63	198	29	30	31	36	31	33	41	37	39	54	47	50	54	48	49	56	52	53	49	54	51
83	86	85	77	73	75	68	72	71	45	42	48	42	40	38	26	27	26	39	34	33	57	60	57	192	174	150	44	75	49	122	59	47	35	47	124	181	88	295	32	34	34	42	36	39	50	46	48	71	61	66	74	66	66	78	72	74	70	78	73
107	112	109	106	99	102	90	97	96	51	48	57	48	45	42	31	31	29	50	42	40	76	81	77	275	250	214	56	101	62	166	76	60	44	60	170	254	120	418	35	37	37	47	41	44	60	54	57	91	77	84	98	87	88	106	98	100	96	107	101
136	140	137	137	130	133	118	125	124	58	55	65	54	51	46	36	36	34	61	51	49	99	105	101	369	337	288	69	131	78	219	97	76	54	75	226	341	160	565	39	41	41	52	45	48	68	62	65	112	93	102	125	109	111	136	126	129	126	141	133
168	171	169	173	164	167	149	156	156	65	60	73	58	56	51	41	42	39	73	61	59	124	133	126	477	435	374	85	165	96	281	122	95	66	93	290	441	205	737	42	44	44	56	48	52	78	71	72	132	110	120	155	133	136	170	158	161	159	178	170
203	206	202	212	201	206	184	189	191	70	66	80	63	60	54	47	48	44	86	72	70	153	164	155	592	542	466	103	205	118	352	151	115	79	114	365	557	257	934	43	46	46	60	51	56	85	79	80	155	126	138	185	157	163	207	192	195	195	219	210
240	242	238	254	240	246	219	225	229	75	71	88	67	64	58	53	54	48	101	84	82	184	196	186	717	656	566	124	249	142	432	182	139	94	137	447	686	316	1153	46	48	48	64	55	60	93	86	88	177	144	156	218	180	192	246	229	231	235	264	251
280	282	276	298	283	288	259	262	267	81	77	95	71	69	61	60	61	55	117	98	95	216	231	219	851	780	671	147	300	168	519	219	165	111	163	540	829	382	1396	48	50	51	67	58	63	101	93	94	201	160	174	252	204	223	287	269	268	276	310	297
323	324	316	344	327	333	300	301	311	86	82	101	75	73	65	67	67	61	133	111	108	251	270	255	991	908	784	173	355	199	618	260	195	130	192	642	985	455	1662	51	53	52	70	61	66	109	100	99	223	178	191	287	228	255	331	310	309	320	357	345
367	366	357	393	372	378	344	343	353	91	87	107	79	77	68	75	75	67	150	126	122	288	309	292	1135	1041	900	202	416	232	725	305	228	152	224	753	1155	535	1949	53	54	54	74	63	69	117	107	106	248	194	209	322	252	287	375	352	347	366	407	394
411	408	400	442	419	425	387	383	397	96	91	113	82	81	71	82	81	73	166	141	136	325	348	331	1286	1179	1018	233	482	268	841	354	264	174	259	871	1336	622	2250	55	56	56	76	65	72	123	113	111	272	211	226	359	274	319	421	396	390	411	457	444
456	453	441	492	466	472	433	425	443	100	96	118	85	84	73	90	89	80	183	156	152	363	390	370	1437	1318	1141	267	552	308	965	408	303	200	298	1000	1530	716	2569	57	57	57	80	68	75	130	119	116	296	229	244	396	297	353	467	441	430	459	508	495
502	498	486	544	515	521	481	468	489	104	101	124	88	88	76	98	97	88	201	172	167	402	432	411	1592	1462	1268	303	629	349	1097	466	344	227	338	1137	1732	818	2904	60	59	59	82	71	77	138	126	121	321	245	260	432	319	387	515	487	472	507	559	547
549	542	530	594	565	570	528	510	536	108	105	129	92	91	79	106	105	95	220	189	184	444	475	453	1746	1606	1394	340	707	394	1233	527	389	255	381	1282	1946	923	3249	61	60	60	85	72	80	144	131	126	345	262	277	469	340	421	563	533	513	556	610	598
595	586	573	646	614	618	575	553	584	112	109	134	94	94	82	114	113	103	237	205	200	483	517	494	1901	1751	1521	381	791	441	1379	590	435	285	427	1432	2166	1032	3602	63	61	61	87	74	82	151	137	130	369	279	293	506	362	455	610	580	555	605	662	651
642	631	617	698	664	668	625	596	634	117	113	138	97	97	85	122	121	111	255	222	216	526	562	538	2056	1897	1655	422	878	491	1529	657	485	318	475	1589	2396	1149	3972	65	63	63	90	76	84	157	143	135	393	295	309	544	383	491	657	627	597	655	715	702
686	673	658	747	712	715	671	637	679	119	117	142	99	99	87	129	128	117	272	238	233	565	603	580	2205	2038	1780	463	965	540	1678	725	534	350	523	1746	2624	1263	4331	66	64	64	91	78	86	163	147	139	414	310	324	579	403	523	701	673	636	702	763	752
731	717	701	799	761	764	721	681	727	122	121	146	102	102	89	138	134	125	289	255	249	607	647	623	2360	2180	1913	506	1056	592	1836	796	586	384	573	1913	2862	1382	4708	68	65	65	94	80	88	169	153	142	436	326	339	615	424	558	748	720	677	752	813	804
775	758	743	848	806	811	767	721	772	126	125	149	104	104	91	146	143	132	306	271	266	648	690	666	2505	2320	2042	549	1148	645	1993	865	640	418	624	2077	3104	1501	5082	70	66	66	95	82	89	174	158	147	457	342	354	649	445	591	791	765	717	800	863	852
818	799	783	896	852	859	815	763	818	128	128	153	106	107	94	153	150	140	323	288	282	688	734	710	2651	2459	2171	593	1239	698	2153	938	694	455	677	2245	3345	1622	5467	71	67	67	96	83	91	180	163	150	477	357	369	683	464	624	834	811	755	848	910	902
860	839	822	943	896	904	861	803	862	131	131	156	108	109	95	161	156	147	340	304	298	729	776	752	2793	2597	2301	637	1332	754	2315	1010	750	492	730	2418	3587	1743	5855	72	67	67	98	85	92	185	168	154	496	372	383	714	483	656	875	855	792	892	957	951
902	878	861	990	940	950	907	844	906	133	134	159	110	110	97	168	164	155	356	321	316	770	819	796	2933	2733	2433	680	1424	809	2479	1084	807	528	784	2589	3835	1866	6248	75	68	68	100	86	94	190	172	158	514	387	397	746	501	690	916	898	831	939	1003	999
942	915	897	1033	980	994	952	883	948	136	137	162	111	112	99	176	170	161	372	336	331	808	861	838	3068	2864	2562	723	1516	863	2641	1154	863	565	837	2759	4075	1986	6631	75	69	69	102	88	95	194	176	162	531	401	410	775	518	723	952	937	865	982	1048	1046
982	951	931	1075	1020	1037	995	922	992	138	140	165	114	114	102	182	176	169	387	352	347	848	904	881	3199	2991	2690	766	1605	918	2802	1226	920	602	890	2932	4315	2109	7017	77	70	70	102	89	96	199	180	165	547	415	424	802	535	753	989	978	900	1026	1094	1092
1020	984	964	1114	1058	1078	1039	958	1030	139	142	167	114	115	104	189	182	175	402	367	362	887	945	923	3325	3116	2813	807	1691	969	2960	1296	975	638	942	3103	4547	2229	7400	78	70	70	104	90	97	202	185	168	562	429	436	830	552	784	1025	1017	935	1069	1135	1136
1058	1018	996	1153	1095	1118	1081	995	1070	142	146	169	116	116	105	194	189	181	418	381	379	924	986	963	3449	3233	2938	848	1778	1021	3119	1366	1031	676	995	3276	4782	2346	7781	79	71	70	104	91	98	207	189	171	578	442	448	857	568	814	1058	1054	968	1111	1176	1180
1093	1051	1028	1191	1130	1157	1119	1031	1109	144	148	171	116	117	107	201	195	189	432	396	394	961	1026	1003	3570	3347	3054	889	1863	1071	3274	1432	1086	712	1045	3442	5012	2464	8163	80	71	71	105	93	99	210	193	174	591	455	458	882	582	844	1091	1089	1000	1151	1213	1222
1127	1081	1058	1226	1165	1193	1157	1067	1145	146	150	173	118	119	109	206	200	194	446	409	409	997	1065	1044	3686	3458	3168	927	1944	1119	3425	1500	1138	746	1096	3607	5236	2584	8536	82	71	71	105	94	100	213	197	177	606	467	470	907	597	873	1122	1124	1033	1189	1253	1264
1162	1112	1088	1261	1197	1231	1196	1103	1180	147	152	174	119	120	111	212	205	201	460	424	424	1033	1103	1084	3801	3567	3278	967	2025	1167	3574	1566	1191	781	1145	3769	5460	2698	8911	82	72	72	107	95	101	216	200	180	620	480	481	931	611	900	1153	1157	1063	1226	1288	1303
1195	1141	1117	1296	1229	1266	1232	1136	1214	148	156	176	120	121	111	218	210	206	473	436	438	1067	1140	1123	3909	3669	3383	1003	2101	1213	3713	1629	1242	815	1193	3921	5671	2809	9284	84	72	72	107	97	101	218	203	183	633	491	491	953	625	926	1182	1190	1094	1261	1324	1341
